"","asyn_eff_20","asyn_eff_50","asyn_eff_300"
"301",0.323532862848096,0.44773463204002,0.595206286198552
"301",1.54190031178877,1.52504039226198,1.60234223439875
"301",1.49587372617041,1.37759310238248,1.33291970911345
"301",1.25861373721572,1.27305167543399,1.54158339793103
"301",1.0966951995123,1.24678483823749,1.37563739766347
"301",0.545011072485571,0.557364114040886,0.480730557653802
"301",0.855482934831968,1.03801401396643,0.991563787811928
"301",1.32320715104815,1.5615093840616,1.44715618022161
"301",2.12673743869238,1.7320230373541,1.52245325881574
"301",0.760419252672999,1.01361833585938,0.714865121616598
"301",0.578384027435548,0.7247363124079,0.838688019141322
"301",0.818635043271105,0.910718975061183,0.971962214122432
"301",1.50053985016953,1.29280762429063,1.32910363600765
"301",0.961310991121514,1.12959224273058,1.12896924759723
"301",1.16284616039413,1.18171285207354,1.20274559044873
"301",0.608018887543741,0.721100238684157,0.735138979966696
"301",1.536434217454,1.65249223669264,1.54836233195416
"301",0.583536448709035,0.628839813666127,0.517088458295658
"301",0.840207199680631,0.762991573498225,0.724540763874538
"301",1.29679755817069,1.3149506601608,1.2141899494823
"301",0.907107379922081,0.633616827277535,0.676844654440306
"301",1.03096906742848,1.05648808207467,0.909179492061513
"301",2.46369853358823,2.25482634746292,2.16802762297804
"301",1.24623907939568,1.47402187467043,1.43649471046913
"301",1.01688411844512,0.944845482568841,0.87959900083887
"301",1.31536492576224,1.27539745800083,1.47075619357072
"301",0.413861261818994,0.583170600370722,0.535927449077976
"301",1.0130624073051,0.962139858487664,1.01400333950848
"301",0.879708428889484,0.554449017141317,0.868190802497723
"301",1.10730798375421,1.18558489265688,1.19019402244452
"301",0.686215965049658,0.744441788746652,0.678766107823964
"301",1.441274851704,1.40506057397092,1.4568624886973
"301",0.935835311399578,1.04038933618152,1.01165915709347
"301",0.00602584583827792,-0.00930909243734934,0.172798167426582
"301",0.862618655593601,0.723767616911937,0.556157235422381
"301",0.809362040941445,0.747147120436239,0.849993974724594
"301",0.59459729818175,0.605491847386249,0.705898592747778
"301",0.656192494867726,0.621347016923093,0.759738335973684
"301",1.03584075681378,1.11045416953683,1.14111295627522
"301",0.970375873637027,0.790002011490759,1.03058789349671
"301",0.938274812801277,0.983618736818285,0.951072504337803
"301",1.33037729492041,1.30074214130107,1.43035646014011
"301",0.91994136918117,0.89918199603001,0.833498272253662
"301",1.26591148416133,1.20636350563667,1.26763561575553
"301",0.86688584181209,0.716863055901826,0.796674202472148
"301",1.09395145688106,0.784034251516735,0.808688909300186
"301",0.405613641366379,0.48322260443081,0.518477865828745
"301",1.49476623651094,1.51982940330102,1.60910491795228
"301",0.550569802505394,0.520487089503945,0.465744818350119
"301",1.1758775845811,1.26046889667076,1.05439333754054
