"","asyn_eff_20","asyn_eff_50","asyn_eff_300"
"301",0.811755643824097,0.939825766445628,0.847955491908192
"301",0.534999038266136,0.641947073019092,0.655727131356712
"301",1.44847688046937,1.51020222137955,1.48669834226455
"301",1.27314632333014,1.20668501639963,1.22516902291126
"301",1.08253021522453,0.969187689925627,1.05459779704175
"301",0.186748833810167,0.193259764103678,0.194523547892997
"301",0.851093316809031,0.720864017282353,0.800285717790742
"301",0.776559789300356,1.18637849056366,1.11267171388159
"301",1.02447561594021,1.08822181159584,1.04958524892962
"301",1.08238479238909,0.363726564691249,0.59679289913518
"301",0.846884572823195,0.765805468845795,0.817673081930589
"301",1.21855195418997,0.966966898904071,0.871975473468416
"301",1.64852703940858,1.21750178593026,1.29835304944549
"301",1.77444158314352,1.51711457775242,1.51167637770254
"301",1.53599411746171,1.66806393649992,1.27276289704638
"301",1.1464344185439,1.15547159397725,1.15012105648561
"301",1.123268195942,0.978638090896485,1.10335217372356
"301",0.593008076836537,0.352164082808977,0.407292016472757
"301",1.88652951799365,1.67670826537365,1.56307850784281
"301",1.41203420103407,1.37318194750294,1.2033261542871
"301",0.320373790230219,0.391767494927365,0.644147011425742
"301",1.8784967526797,1.84325069439861,1.80202421759978
"301",1.01908433527669,1.13558811021506,1.15011802869395
"301",0.661482137774673,0.785505290774329,0.712800509963995
"301",0.184075204792587,0.238594068605494,0.391792446152243
"301",1.59611705942006,1.44252067692858,1.39284450643853
"301",0.94377264610086,1.16381510795746,1.22258219653636
"301",1.39746374819077,1.27494387652784,1.19705374944845
"301",1.29185830192958,1.00503354904633,0.935501600040482
"301",0.0432836967959195,0.0529848046403555,0.105870318078258
"301",0.743108930192511,0.502581782114748,0.563415083003287
"301",1.25049520957881,1.19607072260458,1.26543758060233
"301",1.10167175881496,0.799983427193974,1.03325320216534
"301",0.609238381266752,1.22631596046016,1.15686574688388
"301",1.51366213815396,1.07985596194035,1.06753523860047
"301",1.25638477845657,0.778315909480338,0.714381729592227
"301",0.636809875470919,0.709816039109995,0.641671859823471
"301",0.848260433717826,0.707652584236623,0.822415715261619
"301",1.48850977969116,1.12874913264623,1.20567451752869
"301",1.21315158823436,1.34876939715085,1.43941011078767
"301",0.610877114827576,1.00488877026476,1.00682226734352
"301",0.873601327185703,0.759321868744513,0.734454659549316
"301",0.90117020379942,0.802159562748355,0.910239471673534
"301",0.758886428305762,0.816162724988394,0.790512357665679
"301",0.374714344659632,1.01674015679165,0.821534126266677
"301",0.87760277228429,0.743483588610246,1.04933989260365
"301",1.43692951794013,1.32308039748192,1.11618044480685
"301",0.944264222531487,0.954884821940174,1.25420169978128
"301",0.999289864455213,1.02218605993887,1.1386585744726
"301",0.745869506769521,1.06833651415216,1.18577041203988
